1.962786773615015591e+03 2.790433246240223980e+03
2.604678873611059316e+03 4.077563862012008485e+03
1.166752201879284257e+03 4.369562428643485873e+03
2.742526165809214035e+03 9.287578001019892326e+02
2.106571410292479413e+03 1.721844264840717187e+03
6.913573797643302896e+02 3.841411927111485966e+03
3.176098230710742882e+02 2.951212968866931988e+03
2.770838777073108758e+03 1.350744336421060780e+03
2.604790419349182685e+03 2.532252839304496774e+03
1.979004395575444505e+03 2.830147706881629347e+03
2.792984046042909540e+03 2.650068414995099829e+03
1.531760096653646087e+03 1.746744874794803991e+03
3.621802445218564117e+03 1.680279380631702452e+03
2.045505386705330466e+03 4.510663063898033215e+03
6.064749815281963947e+02 1.347486362860776808e+03
2.556082469953967575e+03 8.034044867401078136e+02
2.665851372333389008e+03 2.384424080484903243e+03
2.587197658550277083e+03 2.550250704389217390e+03
2.186305067547846647e+03 5.888928982806305612e+02
1.900900619119428484e+03 6.748350465853019386e+02
1.681403224220632865e+03 4.291200172344470047e+03
3.608071317557629754e+03 2.338128689595132983e+03
1.752674963767301733e+03 3.116196785197741974e+03
1.233807078171384546e+03 5.749298319454944703e+02
1.942304926146491937e+02 3.118004150789017785e+03
3.087352811690373528e+03 3.277419295534801677e+03
2.477312988891181249e+03 2.076044483160106665e+03
2.495662405695485177e+03 1.022751622285184567e+03
2.508316342705481020e+03 2.589736606520527857e+03
2.845061553049914892e+03 4.584494611238216066e+02
2.981900082878365538e+03 3.360455498081365477e+03
2.641933588476593286e+03 2.429563001528561472e+03
1.136550861335106902e+03 1.113184954908262171e+03
3.044666615960527452e+02 2.969147909291508768e+03
2.397794067686869766e+03 1.848049120329072593e+03
1.463115268137189787e+03 2.697519099279005331e+03
2.700694364101511383e+03 3.301958265880389263e+03
2.639980558238893991e+03 1.674534829788574370e+03
1.567461066930166908e+03 1.172522669568893434e+03
3.588275858982630780e+03 1.718432723588823819e+03
2.664393180583243975e+03 1.899828558120973639e+03
3.581446522648481277e+03 3.601273216893636800e+03
9.063826308295884928e+02 4.028064063283740779e+03
2.891026292381533494e+03 1.930036588954906847e+03
7.608970574919466117e+02 3.484432857066315592e+03
3.212946420800902615e+03 1.802596797095892725e+03
1.660923852060074523e+03 1.743680560814077580e+03
9.112212659704147200e+02 3.194868833750433623e+03
1.484025824401509453e+03 3.216407667423061412e+03
1.376969867044841294e+03 1.743212852553536095e+03
8.858217233481259711e+01 2.679987321734424313e+03
2.131962668525014124e+03 3.655332290665840560e+02
2.378511070858958647e+03 4.931314391346373327e+02
2.642737354614830565e+03 1.301523278457245397e+03
3.458694146422988979e+03 2.834200480245579001e+03
1.367138954632164314e+03 4.169185316627668726e+03
9.357060156907461987e+02 3.816192173705599998e+03
1.050653287805061609e+03 2.840586709276920374e+03
1.965682988372847603e+03 4.622700962180214447e+03
2.078838015405809983e+03 1.291689612786190764e+03
