3.692531851851852025e+03 1.720676296296296186e+03
3.700000000000000000e+03 2.150094814814814526e+03
3.685063703703703595e+03 2.598183703703703486e+03
3.322858518518518395e+03 1.533972592592592719e+03
3.334060740740741039e+03 1.955922962962963084e+03
3.322858518518518395e+03 2.404011851851852043e+03
3.300454074074074015e+03 2.863302962962962738e+03
3.270581481481481660e+03 3.322594074074073887e+03
2.956919259259259434e+03 1.347268888888888796e+03
2.975589629629629599e+03 1.765485185185184946e+03
2.968121481481481624e+03 2.202371851851851716e+03
2.941982962962963029e+03 2.657928888888888650e+03
2.915844444444444889e+03 3.113485925925926040e+03
2.882237777777777865e+03 3.580245185185185164e+03
2.590980000000000473e+03 1.160565185185185328e+03
2.609650370370370183e+03 1.575047407407407491e+03
2.605916296296296423e+03 2.004465925925926058e+03
2.590980000000000473e+03 2.448820740740740803e+03
2.564841481481481878e+03 2.904377777777777737e+03
2.534968888888889524e+03 3.359934814814814672e+03
2.490160000000000309e+03 3.815491851851851607e+03
2.247445185185185437e+03 1.384609629629629580e+03
2.247445185185185437e+03 1.810294074074074160e+03
2.228774814814814818e+03 2.247180740740740475e+03
2.213838518518518867e+03 2.691535555555555220e+03
2.183965925925926058e+03 3.143358518518518395e+03
2.146625185185185728e+03 3.595181481481481114e+03
1.877771851851852034e+03 1.190437777777777910e+03
1.885240000000000236e+03 1.608654074074074288e+03
1.877771851851852034e+03 2.041806666666666615e+03
1.859101481481481414e+03 2.478693333333333612e+03
1.832962962962963275e+03 2.926782222222222117e+03
1.799356296296296478e+03 3.371137037037036862e+03
1.765749629629630135e+03 3.800555555555555202e+03
1.515566666666666606e+03 1.000000000000000114e+03
1.526768888888888796e+03 1.414482222222222390e+03
1.519300740740740821e+03 1.836432592592592755e+03
1.511832592592592846e+03 2.269585185185185310e+03
1.485694074074074251e+03 2.710205925925925840e+03
1.459555555555555657e+03 3.150826666666666370e+03
1.425948888888889087e+03 3.569042962962962974e+03
1.164563703703704050e+03 1.212842222222222290e+03
1.160829629629629835e+03 1.631058518518518667e+03
1.153361481481481860e+03 2.060477037037037007e+03
1.138425185185185001e+03 2.486161481481481587e+03
1.112286666666666861e+03 2.923048148148148357e+03
1.082414074074074051e+03 3.337530370370370292e+03
1.056275555555555911e+03 3.748278518518518467e+03
8.023585185185188493e+02 1.014936296296296518e+03
8.023585185185188493e+02 1.425684444444444580e+03
8.023585185185188493e+02 1.843900740740740957e+03
7.911562962962966594e+02 2.273319259259259525e+03
7.650177777777780648e+02 2.691535555555555675e+03
7.426133333333332303e+02 3.106017777777777610e+03
4.476214814814816236e+02 1.220310370370370492e+03
4.513555555555558385e+02 1.631058518518518667e+03
4.401533333333336486e+02 2.056742962962963247e+03
4.252170370370367891e+02 2.471225185185185182e+03
9.288444444444485271e+01 1.832698518518518767e+03
7.794814814814799320e+01 2.247180740740740930e+03
