# x, y
4.600000000000000000e+02 1.400000000000000000e+02
8.500000000000000000e+02 3.200000000000000000e+02
3.200000000000000000e+02 3.500000000000000000e+02
7.500000000000000000e+02 5.000000000000000000e+02
1.800000000000000000e+02 5.900000000000000000e+02
6.300000000000000000e+02 7.700000000000000000e+02
1.000000000000000000e+02 8.500000000000000000e+02
5.400000000000000000e+02 1.000000000000000000e+03
1.100000000000000000e+02 1.150000000000000000e+03
4.700000000000000000e+02 1.300000000000000000e+03
1.000000000000000000e+02 1.430000000000000000e+03
4.400000000000000000e+02 1.570000000000000000e+03
