2.270021098937703755e+03 3.961502144967637378e+02
2.675692232501620310e+03 6.210511999999998807e+02
3.086727502307446230e+03 8.769892289935273766e+02
1.895772136518609386e+03 6.410884320865702648e+02
2.296474655585762321e+03 8.584641103414244299e+02
2.709526325391588216e+03 1.110909632086570127e+03
3.127006316942560261e+03 1.379881875576861376e+03
3.540453508493532354e+03 1.655839133563916675e+03
1.523539574099515221e+03 8.825341424279948797e+02
1.924782385918286309e+03 1.090908406186085585e+03
2.329372933978967012e+03 1.333812220682849102e+03
2.741344018281556600e+03 1.604260571421522400e+03
3.153315102584146643e+03 1.874708922160195470e+03
3.571730908631881903e+03 2.158191487395632521e+03
1.151307011680421283e+03 1.123979852769419722e+03
1.549057316250810345e+03 1.330337716527510111e+03
1.948679249814726973e+03 1.565716223775892104e+03
2.356222012372171321e+03 1.819637852769419624e+03
2.768193096674761364e+03 2.090086203508092694e+03
3.178147780977350976e+03 2.364027061495147791e+03
3.580036865279941139e+03 2.651937948475730536e+03
1.175348646583334130e+03 1.566274519620553065e+03
1.573494472898868935e+03 1.796144119620552829e+03
1.972035820959549483e+03 2.049525455862462422e+03
2.379578583516993604e+03 2.303447084855989488e+03
2.786040760571202100e+03 2.575371542843045063e+03
3.188470137625409279e+03 2.854281015326863781e+03
7.941146696674763916e+02 1.807179937210359412e+03
1.189308281486247324e+03 2.026031722713595627e+03
1.590406322298546002e+03 2.266919137210359622e+03
1.988947670359226322e+03 2.520300473452269216e+03
2.393933740165052313e+03 2.786716024190941880e+03
2.791394502722496327e+03 3.058100189426379075e+03
3.174885236286413601e+03 3.321418754661815910e+03
4.204060000000001764e+02 2.043116740303402366e+03
8.141235045703892865e+02 2.256459618558256807e+03
1.204744023637542341e+03 2.491297833055020419e+03
1.605842064449841018e+03 2.732185247551784414e+03
2.003843119758902958e+03 2.994567998290457581e+03
2.401844175067965807e+03 3.256950749029130293e+03
2.774857386886737004e+03 3.514220114264567201e+03
4.299373131577676759e+02 2.486347221651299606e+03
8.190817249765385668e+02 2.715676528899681671e+03
1.216687258540455332e+03 2.954547543396445235e+03
1.606767484855990006e+03 3.198387172389972875e+03
2.001276032916670601e+03 3.458753523128645611e+03
2.372813137487059976e+03 3.710513981115700517e+03
2.742874134809067073e+03 3.956765531854373876e+03
4.924362899352786371e+01 2.718251224744342380e+03
4.334194263155350200e+02 2.940055224744342468e+03
8.245802381343061143e+02 3.165892024744342507e+03
1.220169371698222903e+03 3.408255546489487642e+03
1.597215383516993825e+03 3.658539897228160953e+03
1.972785288087382696e+03 3.903315340718452262e+03
4.977352765453133543e+01 3.160941413340621239e+03
4.359657249765386950e+02 3.379252906092239755e+03
8.280623512920735720e+02 3.619600027837384914e+03
1.207665055862462623e+03 3.857390456830912626e+03
4.309867163891603923e+02 3.823419201936900663e+03
8.105894209595494431e+02 4.061209630930427920e+03
