5.278580545719479460e+02 9.461294578673739579e+02
8.960113263903891720e+02 7.249525925925927368e+02
1.291535835469857830e+03 5.138433601791923593e+02
5.510045708505642779e+02 1.359627807487565178e+03
9.108231996164466864e+02 1.138951213279096919e+03
1.304480671658878236e+03 9.246081778579356296e+02
1.713440663835703845e+03 7.143654403489460947e+02
2.126134730086603668e+03 5.105903088554787246e+02
5.722840500921436160e+02 1.769892354099995373e+03
9.251348017761906704e+02 1.544615190913042170e+03
1.307223827758302377e+03 1.332639463595231064e+03
1.714817053964404295e+03 1.127497566131039548e+03
2.122410280170506212e+03 9.223556686668480324e+02
2.543438989473965194e+03 7.180802661070675867e+02
5.935635293337229541e+02 2.180156900712425340e+03
9.431804780100092103e+02 1.956746774562509472e+03
1.316934860939561531e+03 1.745271318311011328e+03
1.709225567011269277e+03 1.536029122934647830e+03
2.116818793217370967e+03 1.330887225470456542e+03
2.526279056460509764e+03 1.128979131014026052e+03
2.943207467851796537e+03 9.400062485886396644e+02
9.593591172067906427e+02 2.365644555204215976e+03
1.328012660091545058e+03 2.152802332981993459e+03
1.715702797184767860e+03 1.950528014687465429e+03
2.107993503256475378e+03 1.741285819311101932e+03
2.514219963491852923e+03 1.541244761891708549e+03
2.924180497801304682e+03 1.347671310487837218e+03
9.760380274698850371e+02 2.782876978898480957e+03
1.334489890265043414e+03 2.567301224734810603e+03
1.713345113239393868e+03 2.357192534454036831e+03
2.101035250332616670e+03 2.154918216159508574e+03
2.502160870523196536e+03 1.953510392769390819e+03
2.903786761780089364e+03 1.760437212431832904e+03
3.292477441005937635e+03 1.574832180242422510e+03
9.922166666666664696e+02 3.191774759540187461e+03
1.345567689417026941e+03 2.974832239405793189e+03
1.714721503368094091e+03 2.770324660236130057e+03
2.093576726342444545e+03 2.560215969955355831e+03
2.488234740517502360e+03 2.362542220639312291e+03
2.882892754692559720e+03 2.164868471323269659e+03
3.261882024895126051e+03 1.984864550244970133e+03
1.352044919590524842e+03 3.389331131158610333e+03
1.716097893496794313e+03 3.183456786018223283e+03
2.091719313463383969e+03 2.975215132774485937e+03
2.467841004496286587e+03 2.775308122583308432e+03
2.859265215663583149e+03 2.579501410304301771e+03
3.233153645821351347e+03 2.398130723255279008e+03
3.601941235934320503e+03 2.215393270235531418e+03
1.361755952771784450e+03 3.801962985874391052e+03
1.717474283625494763e+03 3.596588911800316964e+03
2.079660220494727128e+03 3.387480763652168662e+03
2.457148677498353663e+03 3.182472913416192569e+03
2.832403873626845780e+03 2.996001386322371218e+03
3.202558229710539308e+03 2.808163093257826858e+03
1.716983636717158106e+03 4.006487234574649392e+03
2.070834930533831539e+03 3.797879357492814052e+03
2.445089584529697277e+03 3.594738544293874838e+03
2.811509866539317045e+03 3.400432645213808428e+03
2.424695848508481504e+03 4.007504446237870525e+03
2.791116130518101272e+03 3.813198547157803660e+03
