2.900000000000000000e+02 2.200000000000000000e+02
9.620000000000000000e+02 2.200000000000000000e+02
1.634000000000000000e+03 2.200000000000000000e+02
2.306000000000000000e+03 2.200000000000000000e+02
2.978000000000000000e+03 2.200000000000000000e+02
3.650000000000000000e+03 2.200000000000000000e+02
2.900000000000000000e+02 7.000000000000000000e+02
9.620000000000000000e+02 7.000000000000000000e+02
1.634000000000000000e+03 7.000000000000000000e+02
2.306000000000000000e+03 7.000000000000000000e+02
2.978000000000000000e+03 7.000000000000000000e+02
3.650000000000000000e+03 7.000000000000000000e+02
2.900000000000000000e+02 1.180000000000000000e+03
9.620000000000000000e+02 1.180000000000000000e+03
1.634000000000000000e+03 1.180000000000000000e+03
2.306000000000000000e+03 1.180000000000000000e+03
2.978000000000000000e+03 1.180000000000000000e+03
3.650000000000000000e+03 1.180000000000000000e+03
2.900000000000000000e+02 1.660000000000000000e+03
9.620000000000000000e+02 1.660000000000000000e+03
1.634000000000000000e+03 1.660000000000000000e+03
2.306000000000000000e+03 1.660000000000000000e+03
2.978000000000000000e+03 1.660000000000000000e+03
3.650000000000000000e+03 1.660000000000000000e+03
2.900000000000000000e+02 2.140000000000000000e+03
9.620000000000000000e+02 2.140000000000000000e+03
1.634000000000000000e+03 2.140000000000000000e+03
2.306000000000000000e+03 2.140000000000000000e+03
2.978000000000000000e+03 2.140000000000000000e+03
3.650000000000000000e+03 2.140000000000000000e+03
2.900000000000000000e+02 2.620000000000000000e+03
9.620000000000000000e+02 2.620000000000000000e+03
1.634000000000000000e+03 2.620000000000000000e+03
2.306000000000000000e+03 2.620000000000000000e+03
2.978000000000000000e+03 2.620000000000000000e+03
3.650000000000000000e+03 2.620000000000000000e+03
2.900000000000000000e+02 3.100000000000000000e+03
9.620000000000000000e+02 3.100000000000000000e+03
1.634000000000000000e+03 3.100000000000000000e+03
2.306000000000000000e+03 3.100000000000000000e+03
2.978000000000000000e+03 3.100000000000000000e+03
3.650000000000000000e+03 3.100000000000000000e+03
2.900000000000000000e+02 3.580000000000000000e+03
9.620000000000000000e+02 3.580000000000000000e+03
1.634000000000000000e+03 3.580000000000000000e+03
2.306000000000000000e+03 3.580000000000000000e+03
2.978000000000000000e+03 3.580000000000000000e+03
3.650000000000000000e+03 3.580000000000000000e+03
2.900000000000000000e+02 4.060000000000000000e+03
9.620000000000000000e+02 4.060000000000000000e+03
1.634000000000000000e+03 4.060000000000000000e+03
2.306000000000000000e+03 4.060000000000000000e+03
2.978000000000000000e+03 4.060000000000000000e+03
3.650000000000000000e+03 4.060000000000000000e+03
2.900000000000000000e+02 4.540000000000000000e+03
9.620000000000000000e+02 4.540000000000000000e+03
1.634000000000000000e+03 4.540000000000000000e+03
2.306000000000000000e+03 4.540000000000000000e+03
2.978000000000000000e+03 4.540000000000000000e+03
3.650000000000000000e+03 4.540000000000000000e+03
