# For OUU wind farm
environment
    tabular_data

method
    polynomial_chaos
quadrature_order  10
    output verbose

model
    single

variables
    uniform_uncertain = 1
    lower_bounds = 0
    upper_bounds = 360
    #histogram_bin_uncertain = 1
    #abscissas = 0.0 0.628318530718 1.25663706144 1.88495559215 2.51327412287 3.14159265359 3.76991118431 4.39822971503 5.02654824574 5.65486677646 6.28318530718
    #ordinates = 0.161940677544 0.198588122348 0.168067619905 0.13912851359 0.180729702025 0.251787885651 0.248673310484 0.148111538877 0.0479592608239 0.0461003821711 0
    #abscissas = 0 5 10 15 20 25 30 35 40 45 50 55 60 65 70 75 80 85 90 95 100 105 110 115 120 125 130 135 140 145 150 155 160 165 170 175 180 185 190 195 200 205 210 215 220 225 230 235 240 245 250 255 260 265 270 275 280 285 290 295 300 305 310 315 320 325 330 335 340 345 350 355 360
    #ordinates = 0.011781 0.010996 0.009606 0.012124 0.010472 0.010069 0.009687 0.010009 0.010372 0.011217 0.015225 0.015628 0.015749 0.017058 0.019354 0.014198 0.012063 0.012023 0.013211 0.01746 0.017299 0.014399 0.007874 0.0 2e-05 0.0 0.000342 0.003565 0.00719 0.008801 0.011358 0.014158 0.016695 0.016313 0.013171 0.010915 0.009485 0.01011 0.011882 0.012607 0.01589 0.017702 0.020421 0.022797 0.029544 0.030289 0.026986 0.022153 0.021247 0.018286 0.016615 0.019011 0.019051 0.016393 0.017622 0.016534 0.01446 0.014037 0.016574 0.015628 0.015346 0.017521 0.01597 0.015104 0.01452 0.013453 0.014782 0.013392 0.011056 0.010452 0.01162 0.011056 0.0
    #ordinates = 0.011781 0.010996 0.009606 0.012124 0.010472 0.010069 0.009687 0.010009 0.010372 0.011217 0.015225 0.015628 0.015749 0.017058 0.019354 0.014198 0.012063 0.012023 0.013211 0.01746 0.017299 0.014399 0.007874 1e-10 2e-05 1e-10 0.000342 0.003565 0.00719 0.008801 0.011358 0.014158 0.016695 0.016313 0.013171 0.010915 0.009485 0.01011 0.011882 0.012607 0.01589 0.017702 0.020421 0.022797 0.029544 0.030289 0.026986 0.022153 0.021247 0.018286 0.016615 0.019011 0.019051 0.016393 0.017622 0.016534 0.01446 0.014037 0.016574 0.015628 0.015346 0.017521 0.01597 0.015104 0.01452 0.013453 0.014782 0.013392 0.011056 0.010452 0.01162 0.011056 0.0
    descriptors = 'x'

interface
    id_interface = 'UQ_INTERFACE'
    fork
        analysis_drivers = 'getPower.py'
        parameters_file = 'params.in'
        results_file = 'results.out'
        file_save

responses
    num_response_functions = 1
    no_gradients
    no_hessians
    descriptors = 'power'


