0.000000000000000000e+00 0.000000000000000000e+00
1.003344481605351196e-01 1.960971118318101114e-01
2.006688963210702392e-01 1.568776894654480891e+00
3.010033444816053727e-01 5.294622019458872231e+00
4.013377926421404784e-01 1.255021515723584713e+01
5.016722408026755842e-01 2.451213897897626026e+01
6.020066889632107454e-01 4.235697615567097785e+01
7.023411371237457956e-01 6.726130935831083946e+01
8.026755852842809569e-01 1.004017212578867770e+02
9.030100334448161181e-01 1.429547945253895591e+02
1.003344481605351168e+00 1.960971118318100821e+02
1.103678929765886219e+00 2.610052558481391998e+02
1.204013377926421491e+00 3.388558092453678228e+02
1.304347826086956541e+00 4.308253546944868049e+02
1.404682274247491591e+00 5.380904748664867157e+02
1.505016722408026864e+00 6.618277524323591479e+02
1.605351170568561914e+00 8.032137700630942163e+02
1.705685618729096964e+00 9.634251104296829453e+02
1.806020066889632236e+00 1.143638356203116473e+03
1.906354515050167286e+00 1.345030090054385255e+03
2.006688963210702337e+00 1.568776894654480657e+03
2.107023411371237387e+00 1.816055352674393134e+03
2.207357859531772437e+00 2.088042046785113598e+03
2.307692307692307931e+00 2.385913559657634323e+03
2.408026755852842982e+00 2.710846473962942582e+03
2.508361204013378032e+00 3.064017372372033151e+03
2.608695652173913082e+00 3.446602837555894439e+03
2.709030100334448132e+00 3.859779452185517584e+03
2.809364548494983183e+00 4.304723798931893725e+03
2.909698996655518677e+00 4.782612460466017183e+03
3.010033444816053727e+00 5.294622019458873183e+03
3.110367892976588777e+00 5.841929058581455138e+03
3.210702341137123828e+00 6.425710160504753730e+03
3.311036789297658878e+00 7.047141907899759644e+03
3.411371237458193928e+00 7.707400883437463563e+03
3.511705685618728978e+00 8.407663669788857078e+03
3.612040133779264472e+00 9.149106849624931783e+03
3.712374581939799523e+00 9.932907005616678362e+03
3.812709030100334573e+00 1.076024072043508204e+04
3.913043478260869623e+00 1.163228457675114259e+04
4.013377926421404673e+00 1.255021515723584525e+04
4.113712374581940168e+00 1.351520904456018616e+04
4.214046822742474774e+00 1.452844282139514507e+04
4.314381270903010268e+00 1.559109307041172724e+04
4.414715719063544874e+00 1.670433637428090879e+04
4.515050167224080369e+00 1.786934931567369858e+04
4.615384615384615863e+00 1.908730847726107459e+04
4.715719063545150469e+00 2.035939044171402202e+04
4.816053511705685963e+00 2.168677179170354066e+04
4.916387959866220569e+00 2.307062910990062301e+04
5.016722408026756064e+00 2.451213897897626521e+04
5.117056856187290670e+00 2.601247798160143429e+04
5.217391304347826164e+00 2.757282270044715551e+04
5.317725752508361658e+00 2.919434971818439590e+04
5.418060200668896265e+00 3.087823561748414068e+04
5.518394648829431759e+00 3.262565698101740782e+04
5.618729096989966365e+00 3.443779039145514980e+04
5.719063545150501859e+00 3.631581243146841007e+04
5.819397993311037354e+00 3.826089968372813746e+04
5.919732441471571960e+00 4.027422873090532812e+04
6.020066889632107454e+00 4.235697615567098546e+04
6.120401337792642060e+00 4.451031854069608380e+04
6.220735785953177555e+00 4.673543246865164110e+04
6.321070234113712161e+00 4.903349452220860985e+04
6.421404682274247655e+00 5.140568128403802984e+04
6.521739130434783149e+00 5.385316933681085357e+04
6.622073578595317755e+00 5.637713526319807715e+04
6.722408026755853250e+00 5.897875564587071131e+04
6.822742474916387856e+00 6.165920706749970850e+04
6.923076923076923350e+00 6.441966611075610126e+04
7.023411371237457956e+00 6.726130935831085662e+04
7.123745819397993451e+00 7.018531339283499983e+04
7.224080267558528945e+00 7.319285479699945427e+04
7.324414715719063551e+00 7.628511015347526700e+04
7.424749163879599045e+00 7.946325604493342689e+04
7.525083612040133652e+00 8.272846905404487916e+04
7.625418060200669146e+00 8.608192576348065631e+04
7.725752508361204640e+00 8.952480275591177633e+04
7.826086956521739246e+00 9.305827661400914076e+04
7.926421404682274741e+00 9.668352392044385488e+04
8.026755852842809347e+00 1.004017212578867620e+05
8.127090301003343953e+00 1.042140452090089675e+05
8.227424749163880335e+00 1.081216723564814893e+05
8.327759197324414941e+00 1.121257792829751997e+05
8.428093645484949548e+00 1.162275425711611606e+05
8.528428093645485930e+00 1.204281388037103898e+05
8.628762541806020536e+00 1.247287445632938179e+05
8.729096989966555142e+00 1.291305364325824339e+05
8.829431438127089748e+00 1.336346909942472703e+05
8.929765886287626131e+00 1.382423848309593450e+05
9.030100334448160737e+00 1.429547945253895887e+05
9.130434782608695343e+00 1.477730966602089466e+05
9.230769230769231726e+00 1.526984678180885967e+05
9.331103678929766332e+00 1.577320845816993096e+05
9.431438127090300938e+00 1.628751235337121761e+05
9.531772575250835544e+00 1.681287612567981414e+05
9.632107023411371927e+00 1.734941743336283253e+05
9.732441471571906533e+00 1.789725393468735856e+05
9.832775919732441139e+00 1.845650328792049841e+05
9.933110367892977521e+00 1.902728315132935240e+05
1.003344481605351213e+01 1.960971118318101217e+05
1.013377926421404673e+01 2.020390504174257512e+05
1.023411371237458134e+01 2.080998238528114744e+05
1.033444816053511772e+01 2.142806087206384109e+05
1.043478260869565233e+01 2.205825816035772441e+05
1.053511705685618693e+01 2.270069190842991229e+05
1.063545150501672332e+01 2.335547977454751672e+05
1.073578595317725792e+01 2.402273941697761766e+05
1.083612040133779253e+01 2.470258849398731254e+05
1.093645484949832891e+01 2.539514466384372499e+05
1.103678929765886352e+01 2.610052558481392625e+05
1.113712374581939812e+01 2.681884891516503412e+05
1.123745819397993273e+01 2.755023231316411984e+05
1.133779264214046911e+01 2.829479343707833323e+05
1.143812709030100372e+01 2.897011159297500271e+05
1.153846153846153832e+01 2.948699057804956683e+05
1.163879598662207471e+01 3.001293738493646961e+05
1.173913043478260931e+01 3.054803086426017690e+05
1.183946488294314392e+01 3.109234986664514290e+05
1.193979933110367853e+01 3.164597324271582183e+05
1.204013377926421491e+01 3.220897984309667372e+05
1.214046822742474951e+01 3.278144851841213531e+05
1.224080267558528412e+01 3.336345811928668409e+05
1.234113712374582050e+01 3.395508749634478008e+05
1.244147157190635511e+01 3.455641550021085422e+05
1.254180602006688972e+01 3.516752098150936654e+05
1.264214046822742432e+01 3.578848279086477705e+05
1.274247491638796070e+01 3.641937977890155744e+05
1.284280936454849531e+01 3.706029079624413280e+05
1.294314381270902992e+01 3.771129469351698644e+05
1.304347826086956630e+01 3.837247032134454930e+05
1.314381270903010090e+01 3.904389653035129304e+05
1.324414715719063551e+01 3.972565217116167187e+05
1.334448160535117012e+01 4.041781609440012253e+05
1.344481605351170650e+01 4.112046715069113998e+05
1.354515050167224111e+01 4.183368419065912021e+05
1.364548494983277571e+01 4.255754606492856983e+05
1.374581939799331209e+01 4.329213162412393140e+05
1.384615384615384670e+01 4.403751971886964166e+05
1.394648829431438131e+01 4.479378919979017810e+05
1.404682274247491591e+01 4.556101891750998329e+05
1.414715719063545230e+01 4.633928772265352309e+05
1.424749163879598690e+01 4.712867446584524005e+05
1.434782608695652151e+01 4.792925799770958838e+05
1.444816053511705789e+01 4.869363439320783946e+05
1.454849498327759250e+01 4.933753601894492167e+05
1.464882943143812710e+01 4.993827612725550425e+05
1.474916387959866171e+01 5.000000000000000000e+05
1.484949832775919809e+01 5.000000000000000000e+05
1.494983277591973270e+01 5.000000000000000000e+05
1.505016722408026730e+01 5.000000000000000000e+05
1.515050167224080369e+01 5.000000000000000000e+05
1.525083612040133829e+01 5.000000000000000000e+05
1.535117056856187290e+01 5.000000000000000000e+05
1.545150501672240928e+01 5.000000000000000000e+05
1.555183946488294389e+01 5.000000000000000000e+05
1.565217391304347849e+01 5.000000000000000000e+05
1.575250836120401310e+01 5.000000000000000000e+05
1.585284280936454948e+01 5.000000000000000000e+05
1.595317725752508409e+01 5.000000000000000000e+05
1.605351170568561869e+01 5.000000000000000000e+05
1.615384615384615330e+01 5.000000000000000000e+05
1.625418060200668791e+01 5.000000000000000000e+05
1.635451505016722606e+01 5.000000000000000000e+05
1.645484949832776067e+01 5.000000000000000000e+05
1.655518394648829528e+01 5.000000000000000000e+05
1.665551839464882988e+01 5.000000000000000000e+05
1.675585284280936449e+01 5.000000000000000000e+05
1.685618729096989910e+01 5.000000000000000000e+05
1.695652173913043370e+01 5.000000000000000000e+05
1.705685618729097186e+01 5.000000000000000000e+05
1.715719063545150647e+01 5.000000000000000000e+05
1.725752508361204107e+01 5.000000000000000000e+05
1.735785953177257568e+01 5.000000000000000000e+05
1.745819397993311028e+01 5.000000000000000000e+05
1.755852842809364489e+01 5.000000000000000000e+05
1.765886287625417950e+01 5.000000000000000000e+05
1.775919732441471766e+01 5.000000000000000000e+05
1.785953177257525226e+01 5.000000000000000000e+05
1.795986622073578687e+01 5.000000000000000000e+05
1.806020066889632147e+01 5.000000000000000000e+05
1.816053511705685608e+01 5.000000000000000000e+05
1.826086956521739069e+01 5.000000000000000000e+05
1.836120401337792529e+01 5.000000000000000000e+05
1.846153846153846345e+01 5.000000000000000000e+05
1.856187290969899806e+01 5.000000000000000000e+05
1.866220735785953266e+01 5.000000000000000000e+05
1.876254180602006727e+01 5.000000000000000000e+05
1.886287625418060188e+01 5.000000000000000000e+05
1.896321070234113648e+01 5.000000000000000000e+05
1.906354515050167109e+01 5.000000000000000000e+05
1.916387959866220925e+01 5.000000000000000000e+05
1.926421404682274385e+01 5.000000000000000000e+05
1.936454849498327846e+01 5.000000000000000000e+05
1.946488294314381307e+01 5.000000000000000000e+05
1.956521739130434767e+01 5.000000000000000000e+05
1.966555183946488228e+01 5.000000000000000000e+05
1.976588628762541688e+01 5.000000000000000000e+05
1.986622073578595504e+01 5.000000000000000000e+05
1.996655518394648965e+01 5.000000000000000000e+05
2.006688963210702425e+01 5.000000000000000000e+05
2.016722408026755886e+01 5.000000000000000000e+05
2.026755852842809347e+01 5.000000000000000000e+05
2.036789297658862807e+01 5.000000000000000000e+05
2.046822742474916268e+01 5.000000000000000000e+05
2.056856187290970084e+01 5.000000000000000000e+05
2.066889632107023544e+01 5.000000000000000000e+05
2.076923076923077005e+01 5.000000000000000000e+05
2.086956521739130466e+01 5.000000000000000000e+05
2.096989966555183926e+01 5.000000000000000000e+05
2.107023411371237387e+01 5.000000000000000000e+05
2.117056856187290848e+01 5.000000000000000000e+05
2.127090301003344663e+01 5.000000000000000000e+05
2.137123745819398124e+01 5.000000000000000000e+05
2.147157190635451585e+01 5.000000000000000000e+05
2.157190635451505045e+01 5.000000000000000000e+05
2.167224080267558506e+01 5.000000000000000000e+05
2.177257525083611966e+01 5.000000000000000000e+05
2.187290969899665782e+01 5.000000000000000000e+05
2.197324414715719243e+01 5.000000000000000000e+05
2.207357859531772704e+01 5.000000000000000000e+05
2.217391304347826164e+01 5.000000000000000000e+05
2.227424749163879625e+01 5.000000000000000000e+05
2.237458193979933085e+01 5.000000000000000000e+05
2.247491638795986546e+01 5.000000000000000000e+05
2.257525083612040362e+01 5.000000000000000000e+05
2.267558528428093823e+01 5.000000000000000000e+05
2.277591973244147283e+01 5.000000000000000000e+05
2.287625418060200744e+01 5.000000000000000000e+05
2.297658862876254204e+01 5.000000000000000000e+05
2.307692307692307665e+01 5.000000000000000000e+05
2.317725752508361126e+01 5.000000000000000000e+05
2.327759197324414941e+01 5.000000000000000000e+05
2.337792642140468402e+01 5.000000000000000000e+05
2.347826086956521863e+01 5.000000000000000000e+05
2.357859531772575323e+01 5.000000000000000000e+05
2.367892976588628784e+01 5.000000000000000000e+05
2.377926421404682245e+01 5.000000000000000000e+05
2.387959866220735705e+01 5.000000000000000000e+05
2.397993311036789521e+01 5.000000000000000000e+05
2.408026755852842982e+01 5.000000000000000000e+05
2.418060200668896442e+01 5.000000000000000000e+05
2.428093645484949903e+01 5.000000000000000000e+05
2.438127090301003363e+01 5.000000000000000000e+05
2.448160535117056824e+01 5.000000000000000000e+05
2.458193979933110285e+01 5.000000000000000000e+05
2.468227424749164101e+01 5.000000000000000000e+05
2.478260869565217561e+01 5.000000000000000000e+05
2.488294314381271022e+01 5.000000000000000000e+05
2.498327759197324482e+01 5.000000000000000000e+05
2.508361204013377943e+01 5.000000000000000000e+05
2.518394648829431404e+01 5.000000000000000000e+05
2.528428093645484864e+01 5.000000000000000000e+05
2.538461538461538680e+01 5.000000000000000000e+05
2.548494983277592141e+01 5.000000000000000000e+05
2.558528428093645601e+01 5.000000000000000000e+05
2.568561872909699062e+01 5.000000000000000000e+05
2.578595317725752523e+01 5.000000000000000000e+05
2.588628762541805983e+01 5.000000000000000000e+05
2.598662207357859444e+01 5.000000000000000000e+05
2.608695652173913260e+01 5.000000000000000000e+05
2.618729096989966720e+01 5.000000000000000000e+05
2.628762541806020181e+01 5.000000000000000000e+05
2.638795986622073642e+01 5.000000000000000000e+05
2.648829431438127102e+01 5.000000000000000000e+05
2.658862876254180563e+01 5.000000000000000000e+05
2.668896321070234023e+01 5.000000000000000000e+05
2.678929765886287839e+01 5.000000000000000000e+05
2.688963210702341300e+01 5.000000000000000000e+05
2.698996655518394761e+01 5.000000000000000000e+05
2.709030100334448221e+01 5.000000000000000000e+05
2.719063545150501682e+01 5.000000000000000000e+05
2.729096989966555142e+01 5.000000000000000000e+05
2.739130434782608603e+01 5.000000000000000000e+05
2.749163879598662419e+01 5.000000000000000000e+05
2.759197324414715879e+01 5.000000000000000000e+05
2.769230769230769340e+01 5.000000000000000000e+05
2.779264214046822801e+01 5.000000000000000000e+05
2.789297658862876261e+01 5.000000000000000000e+05
2.799331103678929722e+01 5.000000000000000000e+05
2.809364548494983183e+01 5.000000000000000000e+05
2.819397993311036998e+01 5.000000000000000000e+05
2.829431438127090459e+01 5.000000000000000000e+05
2.839464882943143920e+01 5.000000000000000000e+05
2.849498327759197380e+01 5.000000000000000000e+05
2.859531772575250841e+01 5.000000000000000000e+05
2.869565217391304301e+01 5.000000000000000000e+05
2.879598662207357762e+01 5.000000000000000000e+05
2.889632107023411578e+01 5.000000000000000000e+05
2.899665551839465039e+01 5.000000000000000000e+05
2.909698996655518499e+01 5.000000000000000000e+05
2.919732441471571960e+01 5.000000000000000000e+05
2.929765886287625420e+01 5.000000000000000000e+05
2.939799331103678881e+01 5.000000000000000000e+05
2.949832775919732342e+01 5.000000000000000000e+05
2.959866220735786158e+01 5.000000000000000000e+05
2.969899665551839618e+01 5.000000000000000000e+05
2.979933110367893079e+01 5.000000000000000000e+05
2.989966555183946539e+01 5.000000000000000000e+05
3.000000000000000000e+01 5.000000000000000000e+05
