0.000000000000000000e+00 6.111358845864159957e+04
1.000000000000000000e+00 6.694139673210433102e+04
2.000000000000000000e+00 7.823015765628332156e+04
3.000000000000000000e+00 9.108109714773218730e+04
4.000000000000000000e+00 1.039831789342279953e+05
5.000000000000000000e+00 1.168612746919877245e+05
6.000000000000000000e+00 1.292468201938826824e+05
7.000000000000000000e+00 1.406691197858788364e+05
8.000000000000000000e+00 1.504074025941096188e+05
9.000000000000000000e+00 1.573645692205904343e+05
1.000000000000000000e+01 1.599882770827683271e+05
1.100000000000000000e+01 1.625405670379155781e+05
1.200000000000000000e+01 1.605876993402095104e+05
1.300000000000000000e+01 1.587306893091218953e+05
1.400000000000000000e+01 1.589843494065463310e+05
1.500000000000000000e+01 1.588302676629998605e+05
1.600000000000000000e+01 1.574808090013363399e+05
1.700000000000000000e+01 1.513131339511782862e+05
1.800000000000000000e+01 1.502210450767968723e+05
1.900000000000000000e+01 1.507518410988315591e+05
2.000000000000000000e+01 1.571813743004770367e+05
2.100000000000000000e+01 1.610306039248785237e+05
2.200000000000000000e+01 1.589318425886372570e+05
2.300000000000000000e+01 1.525713892282622983e+05
2.400000000000000000e+01 1.421973079140551272e+05
2.500000000000000000e+01 1.332348539087359968e+05
2.600000000000000000e+01 1.314711121997824812e+05
2.700000000000000000e+01 1.320417600564731983e+05
2.800000000000000000e+01 1.406255197135899507e+05
2.900000000000000000e+01 1.519323310556069191e+05
3.000000000000000000e+01 1.589619957767556771e+05
3.100000000000000000e+01 1.613028761083514255e+05
3.200000000000000000e+01 1.577484374699263717e+05
3.300000000000000000e+01 1.557892324834859464e+05
3.400000000000000000e+01 1.558251006242438743e+05
3.500000000000000000e+01 1.592890846436280117e+05
3.600000000000000000e+01 1.615217810663994169e+05
3.700000000000000000e+01 1.598928030313215568e+05
3.800000000000000000e+01 1.551123091606340022e+05
3.900000000000000000e+01 1.465909042197960662e+05
4.000000000000000000e+01 1.348215431087936740e+05
4.100000000000000000e+01 1.220157207684060704e+05
4.200000000000000000e+01 1.094086641059479007e+05
4.300000000000000000e+01 9.940104705076727259e+04
4.400000000000000000e+01 9.524715130395180313e+04
4.500000000000000000e+01 9.530512195462544332e+04
4.600000000000000000e+01 1.011259303177600377e+05
4.700000000000000000e+01 1.129640995335182524e+05
4.800000000000000000e+01 1.263431074108761095e+05
4.900000000000000000e+01 1.393682423240384960e+05
5.000000000000000000e+01 1.506244390929680958e+05
5.100000000000000000e+01 1.581431011048399087e+05
5.200000000000000000e+01 1.608740679430624004e+05
5.300000000000000000e+01 1.627579979394081747e+05
5.400000000000000000e+01 1.599438892430192791e+05
5.500000000000000000e+01 1.561005731157329865e+05
5.600000000000000000e+01 1.558259581842099433e+05
5.700000000000000000e+01 1.564306849146541208e+05
5.800000000000000000e+01 1.599537514363070659e+05
5.900000000000000000e+01 1.585918397964356118e+05
6.000000000000000000e+01 1.513826480231973401e+05
6.100000000000000000e+01 1.408222681694186467e+05
6.200000000000000000e+01 1.323732683890573971e+05
6.300000000000000000e+01 1.314697577812540112e+05
6.400000000000000000e+01 1.327503254436803982e+05
6.500000000000000000e+01 1.420950730712315999e+05
6.600000000000000000e+01 1.532033128631580330e+05
6.700000000000000000e+01 1.592073266733408673e+05
6.800000000000000000e+01 1.618486604786136595e+05
6.900000000000000000e+01 1.578936771442000754e+05
7.000000000000000000e+01 1.520412189617223921e+05
7.100000000000000000e+01 1.502229688184931583e+05
7.200000000000000000e+01 1.503599498061630293e+05
7.300000000000000000e+01 1.563773002343584376e+05
7.400000000000000000e+01 1.598459809522478026e+05
7.500000000000000000e+01 1.585958578272548912e+05
7.600000000000000000e+01 1.589954394675737421e+05
7.700000000000000000e+01 1.598363878346186830e+05
7.800000000000000000e+01 1.607884617647689884e+05
7.900000000000000000e+01 1.577663789990530349e+05
8.000000000000000000e+01 1.529425356007024529e+05
8.100000000000000000e+01 1.443392201899179490e+05
8.200000000000000000e+01 1.337292007718105451e+05
8.300000000000000000e+01 1.218559837748465798e+05
8.400000000000000000e+01 1.094651585326259665e+05
8.500000000000000000e+01 9.696268242395541165e+04
8.600000000000000000e+01 8.487516951275731844e+04
8.700000000000000000e+01 7.329108130249881651e+04
8.800000000000000000e+01 6.434995128548025241e+04
8.900000000000000000e+01 6.103697930182870186e+04
9.000000000000000000e+01 6.111358845864155592e+04
9.100000000000000000e+01 6.694139673210427281e+04
9.200000000000000000e+01 7.823015765628263762e+04
9.300000000000000000e+01 9.108109714773186715e+04
9.400000000000000000e+01 1.039831789342279080e+05
9.500000000000000000e+01 1.168612746919880010e+05
9.600000000000000000e+01 1.292468201938829297e+05
9.700000000000000000e+01 1.406691197858790110e+05
9.800000000000000000e+01 1.504074025941099389e+05
9.900000000000000000e+01 1.573645692205904052e+05
1.000000000000000000e+02 1.599882770827683562e+05
1.010000000000000000e+02 1.625405670379155781e+05
1.020000000000000000e+02 1.605876993402095686e+05
1.030000000000000000e+02 1.587306893091218662e+05
1.040000000000000000e+02 1.589843494065463310e+05
1.050000000000000000e+02 1.588302676629999187e+05
1.060000000000000000e+02 1.574808090013361361e+05
1.070000000000000000e+02 1.513131339511782571e+05
1.080000000000000000e+02 1.502210450767968432e+05
1.090000000000000000e+02 1.507518410988316755e+05
1.100000000000000000e+02 1.571813743004769203e+05
1.110000000000000000e+02 1.610306039248784073e+05
1.120000000000000000e+02 1.589318425886372570e+05
1.130000000000000000e+02 1.525713892282621237e+05
1.140000000000000000e+02 1.421973079140548653e+05
1.150000000000000000e+02 1.332348539087362005e+05
1.160000000000000000e+02 1.314711121997824521e+05
1.170000000000000000e+02 1.320417600564731692e+05
1.180000000000000000e+02 1.406255197135902417e+05
1.190000000000000000e+02 1.519323310556072101e+05
1.200000000000000000e+02 1.589619957767553860e+05
1.210000000000000000e+02 1.613028761083513964e+05
1.220000000000000000e+02 1.577484374699264008e+05
1.230000000000000000e+02 1.557892324834859464e+05
1.240000000000000000e+02 1.558251006242438743e+05
1.250000000000000000e+02 1.592890846436279826e+05
1.260000000000000000e+02 1.615217810663994751e+05
1.270000000000000000e+02 1.598928030313216150e+05
1.280000000000000000e+02 1.551123091606338567e+05
1.290000000000000000e+02 1.465909042197957169e+05
1.300000000000000000e+02 1.348215431087935576e+05
1.310000000000000000e+02 1.220157207684062741e+05
1.320000000000000000e+02 1.094086641059478861e+05
1.330000000000000000e+02 9.940104705076751998e+04
1.340000000000000000e+02 9.524715130395178858e+04
1.350000000000000000e+02 9.530512195462542877e+04
1.360000000000000000e+02 1.011259303177603870e+05
1.370000000000000000e+02 1.129640995335182088e+05
1.380000000000000000e+02 1.263431074108762114e+05
1.390000000000000000e+02 1.393682423240384960e+05
1.400000000000000000e+02 1.506244390929681249e+05
1.410000000000000000e+02 1.581431011048399378e+05
1.420000000000000000e+02 1.608740679430623713e+05
1.430000000000000000e+02 1.627579979394082038e+05
1.440000000000000000e+02 1.599438892430192209e+05
1.450000000000000000e+02 1.561005731157330447e+05
1.460000000000000000e+02 1.558259581842099433e+05
1.470000000000000000e+02 1.564306849146540917e+05
1.480000000000000000e+02 1.599537514363070659e+05
1.490000000000000000e+02 1.585918397964356700e+05
1.500000000000000000e+02 1.513826480231972237e+05
1.510000000000000000e+02 1.408222681694186176e+05
1.520000000000000000e+02 1.323732683890572225e+05
1.530000000000000000e+02 1.314697577812539821e+05
1.540000000000000000e+02 1.327503254436801944e+05
1.550000000000000000e+02 1.420950730712315999e+05
1.560000000000000000e+02 1.532033128631579457e+05
1.570000000000000000e+02 1.592073266733408673e+05
1.580000000000000000e+02 1.618486604786136595e+05
1.590000000000000000e+02 1.578936771441999881e+05
1.600000000000000000e+02 1.520412189617224212e+05
1.610000000000000000e+02 1.502229688184931292e+05
1.620000000000000000e+02 1.503599498061632039e+05
1.630000000000000000e+02 1.563773002343583212e+05
1.640000000000000000e+02 1.598459809522478317e+05
1.650000000000000000e+02 1.585958578272548621e+05
1.660000000000000000e+02 1.589954394675738004e+05
1.670000000000000000e+02 1.598363878346186830e+05
1.680000000000000000e+02 1.607884617647689884e+05
1.690000000000000000e+02 1.577663789990530349e+05
1.700000000000000000e+02 1.529425356007024238e+05
1.710000000000000000e+02 1.443392201899182110e+05
1.720000000000000000e+02 1.337292007718104578e+05
1.730000000000000000e+02 1.218559837748463324e+05
1.740000000000000000e+02 1.094651585326261702e+05
1.750000000000000000e+02 9.696268242395557172e+04
1.760000000000000000e+02 8.487516951275769679e+04
1.770000000000000000e+02 7.329108130249884562e+04
1.780000000000000000e+02 6.434995128547991044e+04
1.790000000000000000e+02 6.103697930182873824e+04
1.800000000000000000e+02 6.111358845864090836e+04
1.810000000000000000e+02 6.694139673210430192e+04
1.820000000000000000e+02 7.823015765628288500e+04
1.830000000000000000e+02 9.108109714773193991e+04
1.840000000000000000e+02 1.039831789342279371e+05
1.850000000000000000e+02 1.168612746919876517e+05
1.860000000000000000e+02 1.292468201938827115e+05
1.870000000000000000e+02 1.406691197858790401e+05
1.880000000000000000e+02 1.504074025941099972e+05
1.890000000000000000e+02 1.573645692205903470e+05
1.900000000000000000e+02 1.599882770827683271e+05
1.910000000000000000e+02 1.625405670379155781e+05
1.920000000000000000e+02 1.605876993402094813e+05
1.930000000000000000e+02 1.587306893091218662e+05
1.940000000000000000e+02 1.589843494065463601e+05
1.950000000000000000e+02 1.588302676629998314e+05
1.960000000000000000e+02 1.574808090013362817e+05
1.970000000000000000e+02 1.513131339511784317e+05
1.980000000000000000e+02 1.502210450767969305e+05
1.990000000000000000e+02 1.507518410988313262e+05
2.000000000000000000e+02 1.571813743004768621e+05
2.010000000000000000e+02 1.610306039248784655e+05
2.020000000000000000e+02 1.589318425886372570e+05
2.030000000000000000e+02 1.525713892282621819e+05
2.040000000000000000e+02 1.421973079140550399e+05
2.050000000000000000e+02 1.332348539087362005e+05
2.060000000000000000e+02 1.314711121997824521e+05
2.070000000000000000e+02 1.320417600564731401e+05
2.080000000000000000e+02 1.406255197135900380e+05
2.090000000000000000e+02 1.519323310556071228e+05
2.100000000000000000e+02 1.589619957767555607e+05
2.110000000000000000e+02 1.613028761083514546e+05
2.120000000000000000e+02 1.577484374699264299e+05
2.130000000000000000e+02 1.557892324834860046e+05
2.140000000000000000e+02 1.558251006242439034e+05
2.150000000000000000e+02 1.592890846436279535e+05
2.160000000000000000e+02 1.615217810663994169e+05
2.170000000000000000e+02 1.598928030313215859e+05
2.180000000000000000e+02 1.551123091606340022e+05
2.190000000000000000e+02 1.465909042197958042e+05
2.200000000000000000e+02 1.348215431087938196e+05
2.210000000000000000e+02 1.220157207684063615e+05
2.220000000000000000e+02 1.094086641059481044e+05
2.230000000000000000e+02 9.940104705076756363e+04
2.240000000000000000e+02 9.524715130395178858e+04
2.250000000000000000e+02 9.530512195462541422e+04
2.260000000000000000e+02 1.011259303177600959e+05
2.270000000000000000e+02 1.129640995335181942e+05
2.280000000000000000e+02 1.263431074108760949e+05
2.290000000000000000e+02 1.393682423240386997e+05
2.300000000000000000e+02 1.506244390929680958e+05
2.310000000000000000e+02 1.581431011048399669e+05
2.320000000000000000e+02 1.608740679430623422e+05
2.330000000000000000e+02 1.627579979394082038e+05
2.340000000000000000e+02 1.599438892430192791e+05
2.350000000000000000e+02 1.561005731157330447e+05
2.360000000000000000e+02 1.558259581842099724e+05
2.370000000000000000e+02 1.564306849146541208e+05
2.380000000000000000e+02 1.599537514363070368e+05
2.390000000000000000e+02 1.585918397964356118e+05
2.400000000000000000e+02 1.513826480231971946e+05
2.410000000000000000e+02 1.408222681694187922e+05
2.420000000000000000e+02 1.323732683890573389e+05
2.430000000000000000e+02 1.314697577812540112e+05
2.440000000000000000e+02 1.327503254436802235e+05
2.450000000000000000e+02 1.420950730712314544e+05
2.460000000000000000e+02 1.532033128631578293e+05
2.470000000000000000e+02 1.592073266733408382e+05
2.480000000000000000e+02 1.618486604786136886e+05
2.490000000000000000e+02 1.578936771442000172e+05
2.500000000000000000e+02 1.520412189617226250e+05
2.510000000000000000e+02 1.502229688184928091e+05
2.520000000000000000e+02 1.503599498061635531e+05
2.530000000000000000e+02 1.563773002343582921e+05
2.540000000000000000e+02 1.598459809522478608e+05
2.550000000000000000e+02 1.585958578272548912e+05
2.560000000000000000e+02 1.589954394675738004e+05
2.570000000000000000e+02 1.598363878346186830e+05
2.580000000000000000e+02 1.607884617647690175e+05
2.590000000000000000e+02 1.577663789990530931e+05
2.600000000000000000e+02 1.529425356007024238e+05
2.610000000000000000e+02 1.443392201899180363e+05
2.620000000000000000e+02 1.337292007718104869e+05
2.630000000000000000e+02 1.218559837748463760e+05
2.640000000000000000e+02 1.094651585326262721e+05
2.650000000000000000e+02 9.696268242395558627e+04
2.660000000000000000e+02 8.487516951275768224e+04
2.670000000000000000e+02 7.329108130249900569e+04
2.680000000000000000e+02 6.434995128548025968e+04
2.690000000000000000e+02 6.103697930182846176e+04
2.700000000000000000e+02 6.111358845864075556e+04
2.710000000000000000e+02 6.694139673210485489e+04
2.720000000000000000e+02 7.823015765628271038e+04
2.730000000000000000e+02 9.108109714773223095e+04
2.740000000000000000e+02 1.039831789342273987e+05
2.750000000000000000e+02 1.168612746919877682e+05
2.760000000000000000e+02 1.292468201938827115e+05
2.770000000000000000e+02 1.406691197858793894e+05
2.780000000000000000e+02 1.504074025941100554e+05
2.790000000000000000e+02 1.573645692205903761e+05
2.800000000000000000e+02 1.599882770827683853e+05
2.810000000000000000e+02 1.625405670379155781e+05
2.820000000000000000e+02 1.605876993402095104e+05
2.830000000000000000e+02 1.587306893091218953e+05
2.840000000000000000e+02 1.589843494065463019e+05
2.850000000000000000e+02 1.588302676629998896e+05
2.860000000000000000e+02 1.574808090013361070e+05
2.870000000000000000e+02 1.513131339511785191e+05
2.880000000000000000e+02 1.502210450767969014e+05
2.890000000000000000e+02 1.507518410988317919e+05
2.900000000000000000e+02 1.571813743004768039e+05
2.910000000000000000e+02 1.610306039248785237e+05
2.920000000000000000e+02 1.589318425886372279e+05
2.930000000000000000e+02 1.525713892282618326e+05
2.940000000000000000e+02 1.421973079140550399e+05
2.950000000000000000e+02 1.332348539087359677e+05
2.960000000000000000e+02 1.314711121997824812e+05
2.970000000000000000e+02 1.320417600564732275e+05
2.980000000000000000e+02 1.406255197135900089e+05
2.990000000000000000e+02 1.519323310556070646e+05
3.000000000000000000e+02 1.589619957767556189e+05
3.010000000000000000e+02 1.613028761083513964e+05
3.020000000000000000e+02 1.577484374699261389e+05
3.030000000000000000e+02 1.557892324834859464e+05
3.040000000000000000e+02 1.558251006242438452e+05
3.050000000000000000e+02 1.592890846436280117e+05
3.060000000000000000e+02 1.615217810663994751e+05
3.070000000000000000e+02 1.598928030313215568e+05
3.080000000000000000e+02 1.551123091606336820e+05
3.090000000000000000e+02 1.465909042197956587e+05
3.100000000000000000e+02 1.348215431087934412e+05
3.110000000000000000e+02 1.220157207684062014e+05
3.120000000000000000e+02 1.094086641059481772e+05
3.130000000000000000e+02 9.940104705076766550e+04
3.140000000000000000e+02 9.524715130395180313e+04
3.150000000000000000e+02 9.530512195462542877e+04
3.160000000000000000e+02 1.011259303177606780e+05
3.170000000000000000e+02 1.129640995335186599e+05
3.180000000000000000e+02 1.263431074108766334e+05
3.190000000000000000e+02 1.393682423240388744e+05
3.200000000000000000e+02 1.506244390929682413e+05
3.210000000000000000e+02 1.581431011048398796e+05
3.220000000000000000e+02 1.608740679430622840e+05
3.230000000000000000e+02 1.627579979394081747e+05
3.240000000000000000e+02 1.599438892430191918e+05
3.250000000000000000e+02 1.561005731157331029e+05
3.260000000000000000e+02 1.558259581842099433e+05
3.270000000000000000e+02 1.564306849146542372e+05
3.280000000000000000e+02 1.599537514363070950e+05
3.290000000000000000e+02 1.585918397964356118e+05
3.300000000000000000e+02 1.513826480231974274e+05
3.310000000000000000e+02 1.408222681694182975e+05
3.320000000000000000e+02 1.323732683890572225e+05
3.330000000000000000e+02 1.314697577812540112e+05
3.340000000000000000e+02 1.327503254436802526e+05
3.350000000000000000e+02 1.420950730712313671e+05
3.360000000000000000e+02 1.532033128631576546e+05
3.370000000000000000e+02 1.592073266733408673e+05
3.380000000000000000e+02 1.618486604786136886e+05
3.390000000000000000e+02 1.578936771441998426e+05
3.400000000000000000e+02 1.520412189617222757e+05
3.410000000000000000e+02 1.502229688184931874e+05
3.420000000000000000e+02 1.503599498061631457e+05
3.430000000000000000e+02 1.563773002343582339e+05
3.440000000000000000e+02 1.598459809522478608e+05
3.450000000000000000e+02 1.585958578272548621e+05
3.460000000000000000e+02 1.589954394675738004e+05
3.470000000000000000e+02 1.598363878346186830e+05
3.480000000000000000e+02 1.607884617647689884e+05
3.490000000000000000e+02 1.577663789990528603e+05
3.500000000000000000e+02 1.529425356007022783e+05
3.510000000000000000e+02 1.443392201899179490e+05
3.520000000000000000e+02 1.337292007718105451e+05
3.530000000000000000e+02 1.218559837748465652e+05
3.540000000000000000e+02 1.094651585326259374e+05
3.550000000000000000e+02 9.696268242395538255e+04
3.560000000000000000e+02 8.487516951275762403e+04
3.570000000000000000e+02 7.329108130249907845e+04
3.580000000000000000e+02 6.434995128548028879e+04
3.590000000000000000e+02 6.103697930182878190e+04
3.600000000000000000e+02 6.111358845864159957e+04
