# For OUU wind farm
environment
    tabular_data

method
    polynomial_chaos
quadrature_order  23
#    nested
#    expansion_order 1
#collocation_points  50
#    collocation_ratio 2
#        expansion_samples 21
        #cross_validation
    normalized
    output verbose

model
    single

variables
    #uniform_uncertain = 1
    #    lower_bounds = 0
    #    upper_bounds = 360
    histogram_bin_uncertain = 1
        abscissas = 0 5 10 15 20 25 30 35 40 45 50 55 60 65 70 75 80 85 90 95 100 105 110 115 120 125 130 135 140 145 150 155 160 165 170 175 180 185 190 195 200 205 210 215 220 225 230 235 240 245 250 255 260 265 270 275 280 285 290 295 300 305 310 315 320 325 330 335 340 345 350 355 360
        # Replaced the 0 with 1e-05
        #ordinates = 0.011781 0.010996 0.009606 0.012124 0.010472 0.010069 0.009687 0.010009 0.010372 0.011217 0.015225 0.015628 0.015749 0.017058 0.019354 0.014198 0.012063 0.012023 0.013211 0.01746 0.017299 0.014399 0.007874 1e-05 2e-05 1e-05 0.000342 0.003565 0.00719 0.008801 0.011358 0.014158 0.016695 0.016313 0.013171 0.010915 0.009485 0.01011 0.011882 0.012607 0.01589 0.017702 0.020421 0.022797 0.029544 0.030289 0.026986 0.022153 0.021247 0.018286 0.016615 0.019011 0.019051 0.016393 0.017622 0.016534 0.01446 0.014037 0.016574 0.015628 0.015346 0.017521 0.01597 0.015104 0.01452 0.013453 0.014782 0.013392 0.011056 0.010452 0.01162 0.011056 0.0 
        ordinates = 0.0023562 0.0021992 0.0019212 0.0024248 0.0020944 0.0020138 0.0019374 0.0020018 0.0020744 0.0022434 0.003045 0.0031256 0.0031498 0.0034116 0.0038708 0.0028396 0.0024126 0.0024046 0.0026422 0.003492 0.0034598 0.0028798 0.0015748 2e-06 4e-06 2e-06 6.84e-05 0.000713 0.001438 0.0017602 0.0022716 0.0028316 0.003339 0.0032626 0.0026342 0.002183 0.001897 0.002022 0.0023764 0.0025214 0.003178 0.0035404 0.0040842 0.0045594 0.0059088 0.0060578 0.0053972 0.0044306 0.0042494 0.0036572 0.003323 0.0038022 0.0038102 0.0032786 0.0035244 0.0033068 0.002892 0.0028074 0.0033148 0.0031256 0.0030692 0.0035042 0.003194 0.0030208 0.002904 0.0026906 0.0029564 0.0026784 0.0022112 0.0020904 0.002324 0.0022112 0.0
        descriptors = 'x'
interface
    id_interface = 'UQ_INTERFACE'
    fork
        analysis_drivers = 'getPower.py'
        parameters_file = 'params.in'
        results_file = 'results.out'
        file_save

responses
    num_response_functions = 1
    no_gradients
    no_hessians
    descriptors = 'power'


