1.000000000000000000e+00 1.436452818968229294e+09 1.000000000000000000e+02
2.000000000000000000e+00 1.436452818968229294e+09 0.000000000000000000e+00
3.000000000000000000e+00 1.254098209241606474e+09 1.454069612593566418e+01
4.000000000000000000e+00 1.418961716505449533e+09 1.161860149897919392e+01
5.000000000000000000e+00 1.240514340526530504e+09 1.438495067321655441e+01
6.000000000000000000e+00 1.215828136007092237e+09 2.030402471233341277e+00
7.000000000000000000e+00 1.214054172137807131e+09 1.461190044066455473e-01
8.000000000000000000e+00 1.401550021653378010e+09 1.337774939308881095e+01
9.000000000000000000e+00 1.228958181486940622e+09 1.404375207931120251e+01
1.000000000000000000e+01 1.298567664067678928e+09 5.360481745147659183e+00
1.100000000000000000e+01 1.213887057315565825e+09 6.975987283312740317e+00
1.200000000000000000e+01 1.100120397797247171e+09 1.034129171189914764e+01
1.300000000000000000e+01 1.268090424992848158e+09 1.324590296441583170e+01
1.400000000000000000e+01 1.252876414374986172e+09 1.214326524412361552e+00
1.500000000000000000e+01 1.242054279312861443e+09 8.713093495488645202e-01
1.600000000000000000e+01 1.079232607585803032e+09 1.508680061949605999e+01
1.700000000000000000e+01 1.257242915139943123e+09 1.415878390806647147e+01
1.800000000000000000e+01 1.223012672990052223e+09 2.798846071333336294e+00
1.900000000000000000e+01 1.279035314527539015e+09 4.380069955940263604e+00
2.000000000000000000e+01 1.291219785347135782e+09 9.436403436399523059e-01
2.100000000000000000e+01 1.223034917436985493e+09 5.575054885026483831e+00
2.200000000000000000e+01 1.277152183931680441e+09 4.237338915092822234e+00
2.300000000000000000e+01 1.228625691552938223e+09 3.949656328397828986e+00
2.400000000000000000e+01 1.264383617973765850e+09 2.828091562759361466e+00
2.500000000000000000e+01 1.249326991439690590e+09 1.205178999352636282e+00
2.600000000000000000e+01 1.235735010681169748e+09 1.099910631408636874e+00
2.700000000000000000e+01 1.252933353059524298e+09 1.372646225464275727e+00
2.800000000000000000e+01 1.233169441039986372e+09 1.602692327736417566e+00
2.900000000000000000e+01 1.255007591658448219e+09 1.740081156768422455e+00
3.000000000000000000e+01 1.245591003522426367e+09 7.559935893397218276e-01
3.100000000000000000e+01 1.252178949349221706e+09 5.261185575926831115e-01
3.200000000000000000e+01 1.250478207935732126e+09 1.360072812701898226e-01
3.300000000000000000e+01 1.240989492384696245e+09 7.646088552129706173e-01
3.400000000000000000e+01 1.249877817766605139e+09 7.111355410556335910e-01
3.500000000000000000e+01 1.239955927055706263e+09 8.001809172732899933e-01
3.600000000000000000e+01 1.254368646664324045e+09 1.149001902028145006e+00
3.700000000000000000e+01 1.257212340435823441e+09 2.261904119167017224e-01
3.800000000000000000e+01 1.243372033245629072e+09 1.113126789096775981e+00
3.900000000000000000e+01 1.255971603717535019e+09 1.003173195525490558e+00
4.000000000000000000e+01 1.224722921102679968e+09 2.551489980012808356e+00
4.100000000000000000e+01 1.252683625116370916e+09 2.232064302037434000e+00
4.200000000000000000e+01 1.251490890738158226e+09 9.530507868972087904e-02
4.300000000000000000e+01 1.253137651783192158e+09 1.314110259707399753e-01
4.400000000000000000e+01 1.250497442025476694e+09 2.111327595711846306e-01
4.500000000000000000e+01 1.244863994769529343e+09 4.525351588299661998e-01
4.600000000000000000e+01 1.252096891559466839e+09 5.776627063524643058e-01
4.700000000000000000e+01 1.253488513939670563e+09 1.110199546886874444e-01
4.800000000000000000e+01 1.266276171999812126e+09 1.009863278083026339e+00
4.900000000000000000e+01 1.246237456552025318e+09 1.607937182631958173e+00
5.000000000000000000e+01 1.254477140027552605e+09 6.568221303216664753e-01
5.100000000000000000e+01 1.246857568107282639e+09 6.111020308307066884e-01
5.200000000000000000e+01 1.254816941678330660e+09 6.343055553905956323e-01
5.300000000000000000e+01 1.251771273670500994e+09 2.433086676369412837e-01
5.400000000000000000e+01 1.249655028753732204e+09 1.693463290328450221e-01
5.500000000000000000e+01 1.249580905632319450e+09 5.931838513108992836e-03
5.600000000000000000e+01 1.264372914038382053e+09 1.169908675029839307e+00
5.700000000000000000e+01 1.250298795862161875e+09 1.125660379966627378e+00
5.800000000000000000e+01 1.250058944134750366e+09 1.918723341302325594e-02
5.900000000000000000e+01 1.248784899935026884e+09 1.020227102193315694e-01
6.000000000000000000e+01 1.249767440445392132e+09 7.861786749821950138e-02
6.100000000000000000e+01 1.250515320193671942e+09 5.980572458432441285e-02
6.200000000000000000e+01 1.248419442861833572e+09 1.678824648095717520e-01
6.300000000000000000e+01 1.250805871572972298e+09 1.907912942667618905e-01
6.400000000000000000e+01 1.249845291285804749e+09 7.685593519973435428e-02
6.500000000000000000e+01 1.249408846654240847e+09 3.493209070294688023e-02
6.600000000000000000e+01 1.250624345339343071e+09 9.719135003504288106e-02
6.700000000000000000e+01 1.249885603682559013e+09 5.910474163455364111e-02
6.800000000000000000e+01 1.249515444847832203e+09 2.962419042142283923e-02
6.900000000000000000e+01 1.249405232617799520e+09 8.821175640649568661e-03
7.000000000000000000e+01 1.249778262010142326e+09 2.984764607305824893e-02
7.100000000000000000e+01 1.249386172031989098e+09 3.138260907078373879e-02
7.200000000000000000e+01 1.250552375890118599e+09 9.325509915563674757e-02
7.300000000000000000e+01 1.249690459701499939e+09 6.897037437771083579e-02
7.400000000000000000e+01 1.250335331608502626e+09 5.157591653217440814e-02
7.500000000000000000e+01 1.250074188068865538e+09 2.089024332551873975e-02
7.600000000000000000e+01 1.247261155137734413e+09 2.255368027412416598e-01
7.700000000000000000e+01 1.251098763263201475e+09 3.067390231813154067e-01
7.800000000000000000e+01 1.248945980115915537e+09 1.723679952183470032e-01
7.900000000000000000e+01 1.251077552268290758e+09 1.703788984552182528e-01
8.000000000000000000e+01 1.249252347556495905e+09 1.461037648130023292e-01
8.100000000000000000e+01 1.249953968811842442e+09 5.613176747728321897e-02
8.200000000000000000e+01 1.250153953154983044e+09 1.599677724778668375e-02
8.300000000000000000e+01 1.250392219834769964e+09 1.905535527231653342e-02
8.400000000000000000e+01 1.249485716968685389e+09 7.255007830612075770e-02
8.500000000000000000e+01 1.250193691962993860e+09 5.662922464413042145e-02
8.600000000000000000e+01 1.250306862854044676e+09 9.051449241227324180e-03
8.700000000000000000e+01 1.250192939498808146e+09 9.112461895857548386e-03
8.800000000000000000e+01 1.249684744820363998e+09 4.066583036645754490e-02
8.900000000000000000e+01 1.250379980962156773e+09 5.560198918554309228e-02
9.000000000000000000e+01 1.250393144854352474e+09 1.052780259542685426e-03
9.100000000000000000e+01 1.249650210582183838e+09 5.945137814385034747e-02
9.200000000000000000e+01 1.248541015427357912e+09 8.883930452587206206e-02
9.300000000000000000e+01 1.250490172894601107e+09 1.558714742020992361e-01
9.400000000000000000e+01 1.250343274765614271e+09 1.174862391405052942e-02
9.500000000000000000e+01 1.249731169444453001e+09 4.897895932557810167e-02
9.600000000000000000e+01 1.250482877011890888e+09 6.011338349823235061e-02
9.700000000000000000e+01 1.249823838830510378e+09 5.273048576167245483e-02
9.800000000000000000e+01 1.249793937362447739e+09 2.392511850853028168e-03
9.900000000000000000e+01 1.250126710503761768e+09 2.661915296409694126e-02
1.000000000000000000e+02 1.249463349770237684e+09 5.309165199972201710e-02
1.010000000000000000e+02 1.250274449653151274e+09 6.487374697120326661e-02
1.020000000000000000e+02 1.250315959212285757e+09 3.319925561906357427e-03
1.030000000000000000e+02 1.250135419581890345e+09 1.444160589064776706e-02
1.040000000000000000e+02 1.248958353780534744e+09 9.424379906605219459e-02
1.050000000000000000e+02 1.250063558187512636e+09 8.841185712031680854e-02
1.060000000000000000e+02 1.249990782779482126e+09 5.822075573124339126e-03
1.070000000000000000e+02 1.249923757776208162e+09 5.362327330525416998e-03
1.080000000000000000e+02 1.249875528478872299e+09 3.858728028266886299e-03
1.090000000000000000e+02 1.250219537998784781e+09 2.751592895941574329e-02
1.100000000000000000e+02 1.250489946116123915e+09 2.162417364321803093e-02
1.110000000000000000e+02 1.250139985616441011e+09 2.799370500179134899e-02
1.120000000000000000e+02 1.249359079343850136e+09 6.250455017311748462e-02
1.130000000000000000e+02 1.249981057288751125e+09 4.975898964821751785e-02
1.140000000000000000e+02 1.250183436347950220e+09 1.618794916930644395e-02
1.150000000000000000e+02 1.249943841503652096e+09 1.916844872085593163e-02
1.160000000000000000e+02 1.251040123737722635e+09 8.762966217223998322e-02
1.170000000000000000e+02 1.249982303814270735e+09 8.462679193329421257e-02
1.180000000000000000e+02 1.250146462704937696e+09 1.313117267170213313e-02
1.190000000000000000e+02 1.249931019660336256e+09 1.723639474600656071e-02
1.200000000000000000e+02 1.247997852175840139e+09 1.549015073323810332e-01
1.210000000000000000e+02 1.250553747670619249e+09 2.043810991362765284e-01
1.220000000000000000e+02 1.250218243601560354e+09 2.683564015930477512e-02
1.230000000000000000e+02 1.250729857222742319e+09 4.090520572667928623e-02
1.240000000000000000e+02 1.250705157902795076e+09 1.974831541324975539e-03
1.250000000000000000e+02 1.250680448683467388e+09 1.975662076887701492e-03
1.260000000000000000e+02 1.250511477403639793e+09 1.351217344909296132e-02
1.270000000000000000e+02 1.250737250827971220e+09 1.805122732068367361e-02
1.280000000000000000e+02 1.251050393457603693e+09 2.503037697522493554e-02
1.290000000000000000e+02 1.250495924616291285e+09 4.433991590036925196e-02
1.300000000000000000e+02 1.250557291073338985e+09 4.907128804553268810e-03
1.310000000000000000e+02 1.250206237943949461e+09 2.807961748510034647e-02
1.320000000000000000e+02 1.250696119000900269e+09 3.916867171077029197e-02
1.330000000000000000e+02 1.250637159716394424e+09 4.714339730574952647e-03
1.340000000000000000e+02 1.250313006805553913e+09 2.592574092056317697e-02
1.350000000000000000e+02 1.250924377082885504e+09 4.887348016650583382e-02
1.360000000000000000e+02 1.249543944863358498e+09 1.104748836726955341e-01
1.370000000000000000e+02 1.250655069535088778e+09 8.884341484685485957e-02
1.380000000000000000e+02 1.250790636334105730e+09 1.083848847911749944e-02
1.390000000000000000e+02 1.250859945749994755e+09 5.540941343954216419e-03
1.400000000000000000e+02 1.250975125159844398e+09 9.207170273263952029e-03
1.410000000000000000e+02 1.250352411560657740e+09 4.980304699931788204e-02
1.420000000000000000e+02 1.250877919184148312e+09 4.201110399592953432e-02
1.430000000000000000e+02 1.250721350253919601e+09 1.251829036075251950e-02
1.440000000000000000e+02 1.252388389923225403e+09 1.331088408930392042e-01
1.450000000000000000e+02 1.250124235289178848e+09 1.811143700868106388e-01
1.460000000000000000e+02 1.250467685107182264e+09 2.746570919775329425e-02
1.470000000000000000e+02 1.250188766562949657e+09 2.231011441571473589e-02
1.480000000000000000e+02 1.250359390810430527e+09 1.364601639615613260e-02
1.490000000000000000e+02 1.250777232746172190e+09 3.340658310707021045e-02
1.500000000000000000e+02 1.250584658042486429e+09 1.539877388126554940e-02
